4294967279,59
4294967279,58
4294967279,57
4294967279,56
4294967279,54
4294967279,51
4294967279,50
4294967279,49
4294967279,48
4294967279,45
4294967279,44
4294967279,42
4294967279,41
4294967279,39
4294967279,36
4294967279,35
4294967279,34
4294967279,33
4294967279,31
4294967279,30
4294967279,29
4294967279,28
4294967279,27
4294967279,26
4294967279,25
4294967279,24
4294967279,23
4294967279,22
4294967279,20
4294967279,18
4294967279,16
4294967279,14
4294967279,13
4294967279,11
4294967279,10
4294967278,132
4294967278,365
4294967278,131
4294967278,130
4294967278,303
4294967278,128
4294967278,392
4294967278,127
4294967278,348
4294967278,126
4294967278,345
4294967278,125
4294967278,124
4294967278,316
4294967278,123
4294967278,122
4294967278,121
4294967278,120
4294967278,119
4294967278,117
4294967278,116
4294967278,115
4294967278,114
4294967278,112
4294967278,110
4294967278,241
4294967278,109
4294967278,371
4294967278,108
4294967278,107
4294967278,105
4294967278,104
4294967278,103
4294967278,102
4294967278,101
4294967278,356
4294967278,100
4294967278,423
4294967278,99
4294967278,235
4294967278,98
4294967278,96
4294967278,402
4294967278,95
4294967278,282
4294967278,94
4294967278,93
4294967278,92
4294967278,256
4294967278,91
4294967278,174
4294967278,302
4294967278,90
4294967278,89
4294967278,87
4294967278,86
4294967278,85
4294967278,84
4294967278,313
4294967278,83
4294967278,289
4294967278,82
4294967278,81
4294967278,328
4294967278,80
4294967278,389
4294967278,79
4294967278,312
4294967278,78
4294967278,387
4294967278,77
4294967278,337
4294967278,76
4294967278,378
4294967278,75
4294967278,74
4294967278,311
4294967278,73
4294967278,72
4294967278,383
4294967278,71
4294967278,70
4294967278,223
4294967278,69
4294967278,343
4294967278,68
4294967278,67
4294967278,326
4294967278,66
4294967278,65
4294967278,64
4294967278,63
4294967278,62
4294967278,61
4294967278,60
4294967278,260
4294967279,310
4294967279,82
4294967279,411
4294967279,80
4294967279,77
4294967279,288
4294967279,564
4294967279,75
4294967279,156
4294967279,74
4294967279,520
4294967279,438
4294967279,67
4294967279,563
4294967279,63
4294967279,234
4294967279,61
4294967279,60
4294967279,400
4294967279,55
4294967279,226
4294967279,303
4294967279,53
4294967279,52
4294967279,287
4294967279,530
4294967279,47
4294967279,46
4294967279,548
4294967279,43
4294967279,528
4294967279,532
4294967279,558
4294967279,40
4294967279,38
4294967279,37
4294967279,295
4294967279,32
4294967279,556
4294967279,443
4294967279,555
4294967279,21
4294967279,19
4294967279,220
4294967279,17
4294967279,281
4294967279,15
4294967279,540
4294967279,426
4294967279,12
4294967279,260
4294967279,0
4294967279,174
4294967279,534
4294967279,6
4294967279,386
4294967279,5
4294967279,4
4294967279,276
4294967279,9
4294967279,388
4294967279,8
4294967278,409
4294967278,346
4294967278,0
4294967279,7
4294967279,545
4294967279,255
4294967279,253
4294967278,258
4294967278,257
4294967278,322
4294967278,407
4294967278,129
4294967278,376
4294967294,6
4294967278,319
4294967278,317
4294967278,254
4294967278,318
4294967278,253
4294967278,250
4294967278,248
4294967278,246
4294967278,118
4294967278,233
4294967278,242
0,5
4294967278,238
4294967278,106
4294967278,290
4294967278,113
4294967278,247
4294967278,111
4294967278,294
4294967278,230
4294967278,228
4294967278,222
4294967278,226
2351,5
2351,4
4294967278,224
2351,3
2351,2
2351,1
4294967294,1
4294967294,96
4294967294,94
4294967278,298
4294967278,314
4294967278,307
0,7
4294967294,7
4294967294,22
4294967294,8
4294967278,97
4294967294,487
4294967278,354
4294967294,93
4294967294,95
4294967294,17
4294967294,67
4294967294,36
4294967294,39
4294967294,42
4294967294,45
4294967294,427
4294967294,436
4294967294,2
4294967294,0
4294967294,28
4294967278,209
4294967294,82
4294967294,91
4294967294,87
4294967294,85
4294967294,83
4294967294,1098
4294967294,419
4294967294,1175
4294967294,29
4294967294,1017
4294967294,1016
4294967294,27
4294967294,485
4294967294,25
4294967294,1018
4294967294,26
4294967278,344
4294967278,406
2349,6
2349,5
2349,4
2349,3
2349,2
2349,1
4294967278,405
4294967279,394
2346,6
2346,5
2346,4
2346,3
2346,2
2346,1
4294967278,401
4294967278,352
4294967279,392
2343,7
4294967278,400
4294967278,399
2343,6
2343,5
2343,4
2343,3
2343,2
2343,1
2340,5
2340,4
2340,3
2340,2
2340,1
4294967279,391
4294967278,279
2336,4
2336,3
2336,2
2336,1
4294967278,359
4294967279,389
4294967278,398
2335,6
2335,5
2335,4
2335,3
2335,2
2335,1
4294967278,266
4294967279,387
2332,4
2332,3
